     20     10
      0      0      0      0      0      0      0      0      0      0
      0      3      1     19      4      6     18     17      2      0
      0     13      2     20     16      7     15      8      7      0
      0     20      3     16      0      5      6      3     14      0
      0      9      0      0      3      6      2     18     16      0
      0      0      4     10      1     15      0     11     14      0
      0      1     15      3      7      1      2      3     20      0
      0     17     20     18      8     11      0     10     15      0
      0     19      7     18      4     14     14     17      5      0
      0      0      6      7     11      6      1      7      4      0
      0      0     13      6      0     12     13      7      0      0
      0      0      0      0     17     18      7      0      0      0
      0      0      0      0      1      8      0      0      0      0
      0      0      0      0      0      0      0     16      5      0
      0      0      0      0      0      5      4     19     20      0
      0      6     17      7      0      5      6     18      5      0
      0      3      8     10     18     11      3     17      7      0
      0     13      0      2     18      2     18      6     18      0
      0      0      0      0      9     11      6      5     16      0
      0      0      0      0      0      0      0      0      0      0
