 20      8
      0      0      0      0      0      0      0      0
      0     10     10      7      0      0      0      0
      0     18     20     10     10      4      0      0
      0      9      1      1      5      7      0      0
      0      0     11     14     20      7      9      0
      0      0     20      1      4     20      0      0
      0      7     16     15      0      0      0      0
      0      4      9     14     10     12      0      0
      0      8     13      1     14      2     16      0
      0      1      1     15      9     14      6      0
      0      5      0     15     15      6      1      0
      0      0     12      2     13      3      8      0
      0      0     16     16      0      0      0      0
      0      0      6      8      2      2      2      0
      0      0      9      4      0      1      6      0
      0      1     19      0     20     18      9      0
      0     20      5      8     13      5     11      0
      0      0     15      2     11      4     10      0
      0      0      0     12     10     18     12      0
      0      0      0      0      0      0      0      0