     12      8
      0      0      0      0      0      0      0      0
      0      0      0      0      0      0      0      0
      0     12     16     19      0      0      0      0
      0      6     17      0      0      0      0      0
      0     17     12      0      3     17      7      0
      0      3      0      0     13     20     19      0
      0      7     14      3      4      4     13      0
      0      6      3      2      0      8      4      0
      0     12      7      0      0      5     12      0
      0     18      8     17      1      3     13      0
      0     19     17     19      0      5     10      0
      0      0      0      0      0      0      0      0