453
1 37
3
2
1 64
3
2
1 86
2
1 95
3
2
1 36
3
2
1 16
3
2
1 8
1 90
2
1 35
3
2
3
1 31
1 3
2
1 93
3
2
3
1 93
3
2
1 56
1 50
3
2
3
1 87
3
1 6
3
1 32
3
2
1 54
3
1 13
2
2
2
1 81
3
2
3
2
2
3
2
3
2
1 84
3
1 67
1 52
1 29
3
2
3
2
1 14
2
1 24
3
1 44
3
1 81
1 97
1 62
3
2
2
3
1 41
3
2
2
1 48
2
2
1 62
1 75
1 80
3
1 62
1 66
2
1 40
2
1 70
3
1 63
2
2
3
2
1 20
3
1 93
2
3
1 63
2
3
1 97
2
1 63
1 39
2
3
2
3
1 46
3
1 51
3
2
1 17
3
1 92
3
2
2
1 83
3
1 13
2
3
2
3
2
2
3
2
3
2
3
1 64
2
3
1 53
3
1 78
2
3
2
1 64
1 10
3
2
2
3
1 26
3
1 31
2
2
3
1 85
3
2
1 47
3
2
3
2
1 62
3
1 76
1 68
2
1 39
1 14
3
2
3
2
3
1 16
3
2
1 29
3
2
2
3
2
3
1 3
3
2
3
1 1
3
1 4
3
1 71
2
3
1 11
2
2
2
1 21
3
2
1 64
1 77
3
2
2
1 87
2
3
1 46
3
1 84
2
2
2
3
1 55
3
1 9
2
2
2
3
2
1 80
2
1 23
3
2
1 90
2
1 56
3
2
1 41
3
1 62
3
1 50
2
3
1 74
3
1 32
3
2
1 97
2
1 1
3
1 25
1 35
1 52
2
3
1 57
3
2
3
2
3
1 67
3
1 49
1 69
3
2
3
1 95
3
1 91
3
1 39
3
1 46
1 66
1 77
1 46
3
2
3
1 88
2
1 78
1 35
3
1 24
2
3
2
2
1 94
3
1 45
3
2
2
3
2
3
1 73
2
3
2
3
2
3
1 21
1 89
3
2
1 68
3
1 54
3
2
2
2
2
3
2
2
3
1 57
1 10
1 58
2
1 35
1 68
1 32
1 80
3
1 74
1 57
3
2
2
1 79
3
2
3
1 64
3
1 41
3
2
3
1 34
1 49
1 96
1 92
2
3
2
2
3
1 99
1 31
2
2
3
1 64
3
2
1 34
3
2
3
1 11
3
1 72
3
2
3
1 7
1 67
2
3
1 21
1 27
2
1 82
3
2
3
1 23
3
1 28
2
2
3
1 92
3
2
3
2
3
1 99
3
1 78
3
2
3
1 54
2
3
2
3
2
3
1 16
3
1 77
2
1 42
3
1 62
3
1 70
3
2
2
3
1 87
2
3
1 7
3
1 21
2
3
2
3
2
1 66
3
1 37