406
1 18
3
1 80
3
1 31
3
2
3
1 26
3
1 51
3
2
3
1 92
2
2
1 59
3
1 68
1 23
1 96
3
1 83
3
1 83
3
2
2
2
1 98
1 47
1 7
2
3
1 36
1 21
1 29
1 14
3
2
2
2
3
1 87
2
1 61
2
2
3
2
3
2
2
3
2
1 22
2
3
1 72
3
1 56
1 21
2
3
2
3
2
3
2
2
3
1 48
1 43
3
2
1 77
2
2
2
1 77
3
1 51
2
3
1 93
3
1 51
1 5
2
1 80
3
1 50
3
2
3
2
2
3
1 4
1 87
3
2
1 53
3
2
3
1 3
1 88
3
2
1 32
1 10
3
1 34
3
1 1
3
1 47
2
2
3
1 11
3
1 38
3
1 5
3
1 8
3
1 52
3
1 40
3
1 44
1 85
3
1 23
1 95
3
1 86
1 1
1 66
3
2
1 88
2
2
2
1 67
2
3
1 77
3
2
2
3
1 48
1 96
3
2
3
2
1 51
3
1 5
2
3
1 5
3
2
3
2
3
2
2
1 1
2
3
1 7
1 48
2
2
3
2
3
2
3
1 40
1 12
1 92
3
1 67
3
1 32
2
3
1 83
1 30
3
1 80
2
3
2
3
2
3
2
2
1 6
2
3
1 15
3
2
3
1 55
3
2
1 34
3
2
3
2
2
3
1 56
3
2
3
1 86
1 17
1 51
3
1 33
3
1 57
3
2
2
3
2
2
1 54
3
2
1 81
1 25
3
1 49
3
2
2
3
2
2
1 12
3
1 95
1 34
3
2
2
3
2
3
2
2
2
2
3
1 77
3
1 29
1 32
3
2
3
1 31
3
2
3
1 43
3
1 38
1 62
3
2
2
1 51
2
3
1 3
3
2
3
2
1 34
2
3
1 11
3
1 22
3
2
3
1 24
2
3
1 10
1 80
1 10
3
1 52
3
2
1 17
2
2
1 91
2
2
2
2
3
1 37
1 72
3
1 49
1 76
3
2
2
3
1 11
2
1 68
2
3
1 71
1 26
3
1 78
3
2
3
1 37
1 48
1 19
3
2
1 49
3
2
3
1 34
1 32
3
1 59
3
1 73
3
1 16
1 74
3
2
1 48
2
1 48
3
1 13
3
1 86
1 67
1 64
2
3
1 92
3
2
3
1 91
2
2
2
2
2
3
1 68
1 20
2
1 44
1 35
2
2
2
1 42
3
2
2
2
1 61
3
1 13
3
1 41