902
1 84
3
2
1 83
1 81
1 56
3
2
1 100
3
2
3
1 21
3
1 12
1 76
3
2
1 34
3
2
1 72
3
2
1 18
1 36
3
2
2
3
2
2
3
1 74
3
1 47
3
2
3
2
2
1 39
3
2
3
2
1 17
1 65
1 48
1 98
1 37
3
1 67
3
2
3
2
1 92
3
2
1 10
3
2
2
1 69
2
3
2
3
2
1 87
3
1 80
3
2
3
2
3
1 91
3
2
1 40
3
1 47
1 39
3
1 46
3
2
3
1 2
1 14
2
3
2
1 41
3
2
3
2
3
2
3
2
3
1 22
2
3
2
1 14
1 50
1 2
1 41
2
1 80
1 63
3
2
3
1 40
1 60
1 85
2
1 43
3
2
3
2
2
3
2
3
1 41
3
1 67
3
2
3
2
3
1 53
1 23
3
2
3
2
1 2
3
1 28
1 31
3
2
3
2
1 16
2
3
1 85
2
2
3
1 5
3
2
3
1 9
1 79
1 40
1 20
2
1 23
1 16
3
2
3
2
3
1 25
2
2
3
2
2
3
1 43
3
1 23
3
2
1 59
1 96
2
3
1 95
1 10
3
1 51
3
2
2
3
2
3
2
3
1 73
3
1 74
3
2
3
1 30
3
1 53
3
1 1
1 87
2
3
1 19
3
2
3
2
3
1 49
3
2
3
2
1 10
2
2
3
2
2
1 90
3
2
3
2
3
1 91
1 20
2
3
1 16
1 2
1 74
3
2
2
3
2
3
2
3
2
3
1 34
1 25
3
1 23
3
2
3
2
3
1 3
3
1 12
3
1 98
3
2
3
2
1 16
1 61
3
2
3
2
3
1 59
3
1 91
2
2
2
3
1 94
2
2
1 40
3
2
3
1 52
3
1 15
1 25
3
2
1 22
3
1 8
3
1 11
3
1 92
3
1 67
2
3
1 78
3
1 99
3
1 26
3
1 34
3
1 76
1 77
1 71
2
3
2
2
1 85
2
3
2
2
3
2
2
3
1 48
2
3
2
1 84
1 4
2
3
2
3
2
3
1 6
1 40
3
2
2
3
2
2
3
1 31
3
1 39
2
2
3
2
3
2
3
2
1 85
1 46
3
2
2
1 4
3
1 28
3
1 4
1 7
3
1 79
2
2
3
2
3
1 39
2
2
3
1 22
3
1 25
2
3
1 48
3
2
3
1 7
3
2
3
1 53
3
1 97
2
2
1 10
3
2
2
3
1 7
1 2
1 28
2
2
2
1 57
3
1 70
3
2
2
1 65
3
1 38
1 90
2
3
2
3
2
3
2
1 31
3
2
1 66
2
1 54
3
1 13
3
1 18
3
2
3
1 48
3
1 39
3
2
3
2
3
1 65
3
2
1 44
1 48
2
1 68
3
1 98
1 18
2
3
1 38
3
2
2
2
3
1 18
1 61
1 32
3
2
2
2
3
1 47
3
2
2
2
3
2
1 74
1 53
2
3
1 2
3
1 10
3
2
3
2
2
1 68
3
1 8
1 71
2
1 2
1 71
3
1 2
1 87
1 29
3
2
3
2
3
1 19
3
2
3
1 92
3
2
2
3
1 87
3
2
3
1 96
1 58
2
2
1 7
2
2
1 41
1 32
3
2
3
2
2
3
2
3
1 14
2
2
1 63
1 8
3
2
2
1 74
3
2
1 10
2
1 8
1 95
3
2
3
2
1 84
2
1 95
1 50
3
1 35
2
1 41
2
1 57
2
3
2
3
1 60
3
2
1 89
3
2
1 36
3
1 17
3
1 93
1 91
3
1 10
3
2
2
2
1 24
1 83
2
3
1 68
3
2
3
1 39
3
1 23
2
1 40
2
1 9
2
2
2
2
2
3
2
1 61
3
2
1 39
3
2
1 55
3
2
1 99
2
1 100
1 77
3
2
3
1 28
2
3
1 72
1 58
1 23
2
1 24
2
1 83
1 76
3
2
2
1 89
3
1 98
3
2
2
3
1 40
3
1 23
2
2
3
1 49
3
1 89
3
1 42
3
2
2
3
1 7
3
1 85
3
1 31
1 53
3
1 18
1 80
3
1 72
1 50
3
2
3
1 9
3
1 16
3
1 86
3
1 57
2
1 35
3
2
3
2
3
1 20
1 5
3
1 89
3
1 69
1 100
2
3
2
3
1 38
1 39
1 11
1 42
1 7
1 76
1 18
2
3
2
2
2
2
1 34
3
1 72
1 6
2
2
3
1 75
3
2
3
2
3
2
1 84
3
2
2
3
1 40
2
3
2
3
1 44
1 19
2
3
2
1 21
3
2
3
2
3
1 4
3
1 52
2
3
1 40
1 74
3
2
3
1 15
1 59
3
2
3
2
1 34
1 42
1 9
3
1 89
1 3
2
3
1 87
3
1 42
3
1 81
2
3
2
3
2
2
3
2
1 9
1 64
3
2
3
2
3
2
3
2
1 96
1 77
1 67
2
3
1 17
3
1 64
2
1 91
3
2
2
3
1 48
3
1 33
1 29
3
1 92
3
1 63
2
3
1 98
3
2
3
1 22
1 51
3
1 86
1 86
1 63
2
3
1 4
1 98
3
2
1 56
2
1 69
3
1 17
3
1 55
2
3
1 28
3
2
2
2
3
2
1 62
1 82
3
1 95
3
2
1 68
3
2
3
1 51
3
2
3
2
1 67
1 29
3
2
2
3
2
3
1 66
3
1 25
3
1 60
1 94
3
1 75
1 6
3
1 38
1 43