246
1 15
3
1 61
1 78
1 94
3
2
1 91
3
1 19
2
3
1 96
1 96
2
3
2
2
3
2
3
1 60
3
1 1
2
2
3
2
3
1 14
3
2
3
1 76
3
2
3
2
1 27
2
1 18
3
2
1 97
3
2
1 16
3
2
1 26
3
1 91
1 1
1 82
3
1 56
3
2
2
2
1 100
2
3
2
2
1 60
3
2
1 61
1 43
2
3
2
1 8
2
1 46
1 83
1 52
2
2
1 81
2
3
1 48
3
1 56
2
2
3
1 26
1 39
3
2
3
2
1 100
2
3
1 4
1 79
3
2
1 24
3
2
3
1 11
1 38
3
2
3
2
1 33
1 30
1 85
3
1 73
3
1 71
3
2
1 34
3
2
3
1 92
2
2
3
2
3
2
1 78
1 37
1 74
1 20
3
2
1 21
3
1 71
3
1 75
2
2
3
2
2
3
2
3
2
2
3
1 97
2
2
3
2
1 61
3
1 75
2
3
2
1 47
3
2
1 32
3
1 6
3
2
2
1 81
1 30
2
2
1 56
3
2
1 23
3
2
1 67
1 80
3
2
3
1 81
3
2
2
1 36
3
2
1 83
1 99
2
1 29
2
1 98
3
1 87
2
1 57
1 73
2
3
2
3
1 55
1 73
3
2
3
1 73
1 37
2
2
3
1 97
1 9
1 15
1 64
3
2
3
1 39
3
2
3
2
2
2
3
2
2
1 95
2
3
2
1 67
2
1 13
3