358
1 26
1 24
3
2
1 24
3
2
3
2
1 5
3
2
1 69
3
1 3
3
1 41
3
1 57
1 36
2
3
1 30
1 46
3
2
1 64
3
1 56
1 86
3
1 42
1 43
2
3
2
1 99
3
1 8
3
1 95
1 60
3
2
2
3
1 83
1 65
3
2
3
1 9
1 60
3
1 58
3
2
3
2
3
2
2
1 1
1 9
1 60
2
3
2
2
3
2
3
2
3
2
1 10
1 41
1 31
3
2
2
3
1 5
2
3
2
3
2
3
1 16
3
2
1 33
3
1 53
1 75
1 56
2
2
3
2
3
2
2
1 22
2
1 40
2
3
2
3
2
2
1 54
3
2
1 22
3
1 63
3
2
3
2
1 5
3
1 86
1 37
1 46
1 71
3
1 71
3
1 30
3
2
1 71
1 40
2
1 2
1 75
1 79
2
2
1 93
3
1 15
3
2
1 22
2
3
1 26
1 85
1 96
2
3
2
1 92
3
1 38
1 98
3
2
3
2
3
2
1 54
1 43
3
1 76
2
1 4
1 11
3
1 90
1 91
2
3
2
3
1 74
3
2
3
2
2
1 38
2
3
2
3
1 64
3
2
1 93
3
1 41
1 5
3
1 34
2
3
2
1 96
1 57
3
2
1 73
3
1 44
3
1 60
3
1 71
2
3
2
1 80
1 89
2
3
2
2
3
1 78
2
2
2
3
1 30
3
1 13
3
2
2
3
2
3
2
3
2
2
2
3
1 26
3
2
3
2
3
1 68
3
2
1 2
3
2
1 100
2
3
2
1 76
3
1 27
2
1 51
3
1 33
1 61
2
2
2
1 91
2
2
1 59
1 72
3
2
2
3
1 73
3
1 49
1 71
1 45
3
1 20
2
2
1 18
2
2
2
3
1 8
3
2
3
1 61
3
2
3
2
2
1 65
2
2
3
2
3
1 93
2
3
1 2
3
1 74
1 75
3
1 2
2
3
2
1 35
3
1 63
3
1 48
1 53
2
3
2
3
2
3
2
1 35
3
2
3
1 93
3
2
1 27
3
2
3
2
2
2
3
1 97
1 71
2
3
2
1 4
1 38