754
1 42
3
2
1 20
3
1 25
1 35
3
2
3
1 13
2
3
1 84
2
1 96
3
2
3
1 51
3
1 100
3
2
3
2
2
3
1 28
2
2
1 88
1 21
1 92
2
2
1 2
3
1 82
3
1 10
1 32
1 80
3
2
1 23
3
2
3
1 54
3
1 53
1 23
1 58
3
1 76
3
1 69
3
1 13
3
1 96
2
3
1 49
2
3
1 26
2
1 23
2
3
1 70
3
2
3
1 22
3
1 15
1 62
3
1 40
3
1 48
3
1 7
1 29
3
1 42
3
2
1 32
3
2
1 37
1 97
3
1 88
3
2
3
2
2
3
1 78
3
1 30
3
1 86
1 46
3
1 20
3
1 3
3
1 30
1 28
3
2
1 51
3
1 72
2
3
1 41
3
1 72
3
1 53
3
1 88
2
2
1 35
2
2
3
1 54
2
2
2
3
2
1 4
3
2
3
2
3
2
1 98
1 59
1 92
3
1 46
3
2
3
2
3
2
3
1 91
1 48
3
2
3
2
3
2
3
2
2
3
1 14
3
2
3
2
3
1 92
2
3
2
3
2
3
1 47
1 53
1 61
3
1 66
3
2
2
3
1 76
1 73
1 2
2
3
2
1 24
1 14
3
1 43
1 69
2
3
1 14
1 97
1 54
2
3
1 78
3
2
3
1 34
3
1 1
3
2
3
2
2
2
2
2
1 48
3
1 43
3
1 94
3
1 80
3
1 76
3
2
1 37
1 49
1 54
3
1 11
3
1 1
3
2
2
3
2
3
2
3
1 31
3
1 18
3
1 9
2
3
2
3
1 53
3
1 49
3
2
2
3
2
3
1 92
3
1 52
3
2
3
1 45
3
1 56
2
1 53
3
1 11
2
3
2
2
2
1 48
3
1 34
3
2
3
1 10
1 91
2
1 20
3
2
3
1 63
3
1 59
3
2
3
1 77
3
2
2
1 29
2
3
1 58
1 58
3
2
2
3
2
1 53
3
1 77
3
2
3
1 81
2
3
1 50
2
2
2
2
3
1 62
3
2
3
1 34
3
2
3
2
3
1 40
3
2
3
1 82
1 44
3
1 22
3
2
1 13
3
2
1 96
3
1 42
2
1 15
3
1 85
3
1 26
1 13
2
3
2
1 99
3
1 15
3
2
3
2
3
2
1 19
2
3
1 55
3
2
1 61
3
2
3
2
2
2
1 41
2
1 48
3
1 13
1 89
3
2
2
3
2
2
1 77
1 46
3
2
2
2
3
2
2
1 53
3
1 39
3
2
1 5
2
3
2
3
2
3
1 85
3
2
3
2
3
1 44
3
2
1 64
3
1 73
1 75
3
1 88
1 58
2
2
3
1 82
3
1 78
2
3
2
3
1 17
2
1 79
2
3
2
1 37
1 33
2
2
2
3
1 99
1 48
3
2
3
1 18
3
2
1 31
2
3
2
3
2
1 60
2
1 35
2
3
1 70
3
2
3
2
3
2
3
1 27
3
1 69
2
2
1 29
3
1 18
3
1 49
3
1 62
3
1 74
3
1 15
3
1 78
3
2
3
2
3
1 36
2
3
1 2
1 22
2
3
1 31
3
2
2
2
2
2
3
2
1 74
3
2
3
2
3
2
3
2
1 76
1 44
3
2
3
1 80
3
2
3
2
3
1 50
3
2
1 59
3
2
3
2
1 78
3
2
2
1 76
3
1 59
1 1
1 76
3
1 94
3
2
3
2
3
2
1 14
2
1 37
1 55
2
3
1 33
1 46
1 82
1 96
1 21
3
2
1 86
1 77
1 78
3
1 39
1 5
1 45
2
1 39
3
2
1 47
3
2
1 23
3
2
3
2
3
2
3
2
2
3
2
3
2
1 13
1 60
1 90
1 69
3
2
1 27
1 61
1 88
3
2
1 83
3
2
1 24
2
2
3
2
2
1 64
3
2
1 69
2
2
3
1 21
3
1 97
1 58
3
1 73
3
2
3
2
1 6
3
2
1 68
2
2
2
3
1 18
3
1 67
3
1 1
3
2
2
1 30
3
2
2
1 20
3
2
3
2
3
2
2
3
1 80
2
2
3
2
2
3
1 40
3
2
2
1 9
2
3
1 37
3
2
3
1 8
3
2
1 79
2
3
2
1 56
2
1 28
3
2
2
3
1 14
3
1 99
2
1 22
3
2
3
2
1 71
1 62
2
3
2
3
2
1 64
3
2
2
3
2
1 49
3
1 8
3
2
2
3
1 41
2
3
1 27
1 40
3
1 11