404
1 45
1 90
2
2
1 63
2
1 50
3
1 83
1 55
3
1 30
3
2
1 5
2
1 34
3
1 48
3
2
1 58
3
2
3
1 44
3
2
3
2
3
1 100
3
1 20
2
3
2
2
3
1 50
3
1 18
3
1 72
1 7
3
2
3
1 84
1 11
2
3
1 74
3
1 21
1 31
2
2
3
1 38
3
2
2
3
2
3
1 54
3
1 80
2
3
2
3
2
1 43
2
2
2
3
1 99
3
1 92
1 80
2
1 73
3
1 26
3
1 62
2
3
1 57
2
1 40
1 86
3
2
3
2
2
2
2
1 2
3
1 12
2
3
2
2
3
1 23
2
3
2
2
1 57
3
2
1 90
3
1 97
1 35
2
1 45
3
2
2
2
1 12
1 39
1 18
1 27
2
3
1 11
3
2
2
3
2
2
1 61
3
2
1 42
3
1 26
2
3
1 17
3
2
2
1 17
3
1 44
3
2
3
2
1 30
3
2
1 32
3
2
1 83
2
1 65
3
1 41
1 50
2
3
2
3
2
1 96
2
1 95
3
2
1 92
3
1 89
3
1 23
2
3
2
3
1 4
3
2
1 80
1 88
2
1 12
3
2
1 67
2
3
2
3
2
1 98
3
1 71
3
2
1 41
3
1 54
1 73
3
2
2
3
1 4
3
1 23
1 54
3
1 19
1 52
1 15
2
1 85
1 21
3
2
3
1 53
3
2
1 21
3
2
2
3
2
3
1 14
1 16
2
2
2
1 21
2
2
1 2
3
1 39
3
2
1 93
1 92
3
1 36
3
2
3
1 46
1 12
2
3
1 91
2
3
2
3
2
3
2
2
1 23
2
3
1 69
2
3
2
3
2
1 77
2
3
1 33
3
2
3
1 96
1 93
2
3
1 34
3
1 14
3
1 70
2
2
2
3
1 18
3
1 62
2
1 39
3
1 89
3
2
3
2
3
2
3
2
1 32
1 33
2
2
1 43
3
1 12
2
1 29
3
2
2
3
2
3
1 98
2
3
1 49
3
2
2
1 3
2
1 44
2
1 47
1 58
3
2
3
2
1 13
3
1 88
3
2
1 1
3
1 77
1 97
2
1 96
2
2
3
2
3
1 17
2
3
1 26
3
1 68
1 62
1 79
1 87
2
3
2
2
3
1 56
1 44
3
2
3
2
2
3
2
1 93
1 12
1 59
3
1 47
3
1 54
1 40
3
2
3
2
3