198
1 11
3
1 10
3
1 82
1 87
1 88
3
2
3
1 20
2
3
2
3
1 49
1 26
3
1 66
3
1 74
3
2
3
1 17
2
1 2
1 79
3
2
1 62
3
2
1 86
2
3
2
2
2
3
2
2
2
2
1 71
2
1 82
3
2
1 6
1 20
2
1 84
3
2
2
1 41
2
1 25
2
1 23
2
1 58
3
1 7
3
2
3
2
1 11
1 28
1 61
3
2
1 41
2
3
2
3
1 22
3
2
2
1 52
2
1 45
3
1 12
2
1 8
2
3
1 20
3
2
3
1 44
3
1 31
1 10
1 71
2
3
2
2
3
2
3
1 41
2
1 43
3
1 17
3
1 24
1 4
1 64
2
3
1 16
3
2
3
2
2
2
1 34
2
2
3
1 96
3
1 88
3
1 52
3
1 21
1 92
3
1 86
1 73
3
2
1 50
3
2
1 36
3
1 12
1 24
3
1 59
3
1 32
3
2
3
2
1 50
3
2
3
1 32
3
2
1 59
2
1 30
2
3
1 67
1 37
3
1 25
3
2
1 62
3
1 66
3
2
3
2
1 7
2
2
1 18
3
1 19
2
3
1 35
1 81
3
2
1 92
3
1 84